[array([[ 0.62430006,  0.12717175,  0.42998037,  0.6904147 ,  0.27597207,
          1.0165218 ,  0.29761577,  3.8431664 ,  2.0664756 ,  0.5920844 ,
          0.16073455,  2.5485642 ,  3.5546489 ,  2.8624206 ,  0.09568144,
          0.19124523],
        [-5.852534  , -5.2285337 , -4.991827  , -4.0638022 , -5.450951  ,
         -5.272052  , -4.2926    , -3.3046987 , -3.1754308 , -3.9155848 ,
         -5.2291093 , -1.8140088 , -1.3702942 , -3.0370028 , -5.2218285 ,
         -5.5125036 ]], dtype=float32),
 array([-4.2906795, -3.0728273, -3.089645 , -1.0150888, -2.8823996,
        -2.9094179, -2.1194592, -2.3835533,  4.9944296, -1.41283  ,
        -3.2740686, -3.4730322, -2.2808964, -3.8682146, -3.1476908,
        -3.2696233], dtype=float32),
 array([[ 1.9056520e+01, -4.0600860e-01, -8.4331281e-02,  2.0547993e+01,
         -1.7060755e+01,  1.8920433e+01, -3.3121445e+01,  1.8997896e+01],
        [ 6.3290458e+00, -1.0944843e-02, -1.4435944e-01,  6.5717301e+00,
         -5.4967289e+00,  6.2665339e+00, -4.4756060e+00,  6.3529229e+00],
        [ 3.5432146e+00, -1.5367353e-01,  2.9786885e-01, -2.5529273e+00,
         -5.4762948e-01,  3.9637945e+00, -3.4993117e+00,  4.0638728e+00],
        [ 2.5422781e+00, -1.0442791e-01, -3.8940310e-02,  3.0018542e+00,
          8.7008137e-01,  3.2081735e+00, -1.1571219e-02,  2.7536001e+00],
        [ 4.9532437e+00, -2.9851997e-01,  3.1556365e-01,  3.8818517e+00,
         -4.2159672e+00,  4.4112372e+00, -2.9777384e+00,  4.8367090e+00],
        [ 3.7412651e+00,  5.6867361e-02, -4.2545620e-01, -3.1925776e+00,
         -4.0156034e-01,  3.8859844e+00, -3.7608521e+00,  4.0484076e+00],
        [ 4.3736038e+00, -2.6900160e-01, -1.7267609e-01, -8.2685101e-01,
         -1.3757815e+00,  3.7716544e+00, -1.9255459e+00,  4.1389446e+00],
        [ 2.6982722e+00,  3.9217472e-03,  1.3633363e-01, -4.1282310e+00,
          6.0316032e-01,  2.8294444e+00, -2.4408548e+00,  3.0130897e+00],
        [ 1.6090434e+00, -3.2295048e-01, -4.7151685e-02,  4.8779259e+00,
          1.0316520e+00,  1.0394417e+00,  3.5717075e+00,  8.7556660e-01],
        [ 2.7181690e+00, -3.2683933e-01, -3.9528954e-01,  1.6030754e+00,
          8.5126954e-01,  3.2815657e+00, -2.2393899e-01,  3.0852129e+00],
        [ 8.1514978e+00,  2.4305023e-03, -3.5992730e-01,  1.0679231e+01,
         -7.6983705e+00,  8.5514174e+00, -7.4820070e+00,  8.1274166e+00],
        [-1.0316849e+00, -4.4435728e-01,  2.1185040e-02, -7.8610244e+00,
          4.5825634e+00, -7.4228895e-01, -3.2232563e+00, -1.6598532e+00],
        [ 2.1145368e+00, -2.9230177e-01, -2.0245384e-01, -5.1782885e+00,
          1.2199990e+00,  2.0889897e+00, -1.2204541e+00,  2.0457001e+00],
        [ 1.1209675e+00, -3.7509167e-01, -3.2037336e-01, -5.1461830e+00,
          1.6114892e+00,  2.1290319e+00, -2.4710581e+00,  1.5678043e+00],
        [ 5.9830375e+00,  2.2334063e-01, -3.4174281e-01,  6.0409555e+00,
         -5.6584706e+00,  6.5662041e+00, -4.7080445e+00,  6.4823537e+00],
        [ 6.1092224e+00,  2.7196336e-01,  1.9788307e-01,  4.7674236e+00,
         -5.1890726e+00,  6.0662389e+00, -5.5937157e+00,  5.5036969e+00]],
       dtype=float32),
 array([-0.9135568 , -0.02576767, -0.03037526,  7.282452  ,  1.0195041 ,
        -1.7326539 ,  4.9917283 , -1.6015177 ], dtype=float32),
 array([[ 4.5413661e+00],
        [ 5.7184881e-01],
        [-8.6309388e-03],
        [ 1.2551964e+01],
        [-8.8284073e+00],
        [ 4.2664485e+00],
        [-1.5375823e+01],
        [ 4.5541182e+00]], dtype=float32),
 array([0.27948856], dtype=float32)]